100
1 2
11
10
10 9
010110011 111100100 010011011 111001101 000011011 010010011 111100101 111000101 010110010 101001101
010111011 111101101 010011011 101000101 111001101 111101100 111000101 010111010 000010011 010010011
1 7
0100011
0110011
7 8
00000001 01010100 00110001 10110110 00100110 00100101 11010001
00101001 01001100 01011000 01011011 11001011 01111100 10101100
6 6
011100 010000 010011 100100 010001 100011
110000 110001 111100 000100 110011 000011
4 10
1110001001 1010101101 0001101111 0011011111
0001100110 1110000000 1100110000 0101000010
5 9
100101101 011000011 011100000 101100001 001010010
001011110 110110000 100100001 000010010 110010011
7 10
0001111111 1110100100 1110000101 1100011000 0110011110 0111110110 1110111001
0000010100 1110010111 0000000000 1011010110 0110111101 0111100010 1110000010
9 9
011001101 110010101 001010000 011101111 001110110 101010010 010011100 110011011 011111110
001000001 001010000 100100100 011101111 111101101 000100011 011001001 001110010 100101010
6 10
0110100001 0101011110 1010100001 1001111011 0110000100 0101111011
1001011010 0110100101 1010000000 0101111111 0101011010 0110000000
2 3
000 111
110 010
10 10
1111011100 0100101101 0000000110 0001110011 1011111111 1111000010 0011110000 1100001010 0100111101 1010000001
1110110110 0100111010 0101000100 0000011001 0000000111 0011001111 1100110101 1011111000 1111000011 1011101000
10 10
1100100111 1100010000 0000111010 0011110011 0111100110 1111001110 1011011101 0010101101 0001011000 1100000001
0011010011 0001111000 0000011010 1011111101 1100000111 0111000110 1100100001 0010001101 1111101110 1100110000
10 10
0011111110 1101001100 0110111001 0000000101 1010010011 0011100110 1111100010 1100101001 0101011011 1000010100
1001001101 0101010001 1001010101 0000100000 1010110110 1100001010 0010100111 0111111111 0110011010 1111101000
10 10
0110100000 0100000000 0001111001 0100001111 1001010100 1000110110 0111011101 1011011011 1011101010 1110100111
0101111010 1111101001 1010010000 0101001011 1010011111 0110100110 0000110111 1000110000 1001001101 0111000100
4 8
11111000 00010111 00011101 11110010
11110000 00011111 11111010 00010101
10 9
001011011 101101100 010111011 101001111 111001101 001111000 101100111 001110011 110101111 011011001
111001101 111000110 011110001 100000101 000010001 011010010 101100111 001110011 111100101 011011001
7 6
010100 110111 000000 100101 001011 011110 110101
000011 010010 100111 011010 111001 011110 111010
10 10
1110001110 0001111100 0011110001 1101100111 1000000100 0110011011 0111000110 1000011001 0110110001 1001101010
0000010011 0010011110 1100001000 0110101001 1001101011 0111110100 1111100001 0111011110 1001110110 1000000101
4 10
1101111110 1011000010 0010000000 0100111100
0010000011 0100111111 1011000001 1101111101
4 6
001111 110010 000101 111100
001011 111000 110110 000001
7 9
101111010 110110100 010111111 100101101 110101001 100100100 001111101
110001100 101001011 101000111 000111111 000101101 110000011 110100011
10 10
1101011000 0011010001 1110011111 0100000100 1101111111 1010101000 1010000011 0001101000 0101110110 0010100111
1001011100 1001111011 1110000111 0101101100 0000000000 0111010101 0001110010 1110101100 1010011011 0110100011
4 6
101110 100000 001111 001001
111010 011101 111100 010011
4 3
000 001 111 010
010 111 000 110
9 7
0111110 1011001 1000111 1100110 1000010 1111010 1100011 0011100 1101000
1000100 1010111 1011110 1111010 0001110 0100101 0001111 1001101 0101001
10 10
0001010001 1000001110 1010011000 0101101000 0001110111 1111010110 0100110001 1111101100 0010101111 1110000011
1011000111 0001000011 0101011100 0110000100 1010101000 0000011010 1011111101 1100100101 1110110011 0101111010
10 8
11100010 00011000 00000111 00000110 00110110 11111111 10111001 01110110 01011001 00000010
10101110 01001110 11101111 11000001 11110001 11110101 00010101 00001000 10000001 11110000
8 7
1011110 0101110 0111111 0110011 1111111 0111001 1001000 1101001
0010100 0001001 1110000 1110101 0110101 0100011 1011000 1101100
10 10
1110101111 0001110000 1110111101 0000100000 1011011010 0010100111 0000011001 0101000110 1111010001 1101001110
1111100101 1111110111 1110011011 1100000100 1010010000 0011101101 0001010011 0001101010 0100001100 0000111010
1 5
00011
10111
8 5
00010 01001 01100 01000 01101 11100 11000 00110
10011 00111 10110 11101 10111 11001 10010 00011
10 10
0010010111 0001010110 0001110000 0111111011 1000100000 1110101110 1101101100 1010001011 1111011001 0100000101
1010011001 0010111011 0100010110 1011101110 0111010111 1000101100 0001000101 1101100000 0100110000 1111001011
4 2
01 00 10 11
00 01 10 11
2 8
00010111 11111101
10010111 01111101
2 6
100111 010111
011101 101101
1 5
00010
01100
3 8
01000001 11111111 00100110
01111101 10100100 00011010
5 7
0100110 1101111 1111111 1110110 1110010
1101000 0110001 1100001 1100101 1111000
10 10
0011111000 0101111101 1000100110 0110001110 0010001001 1001010111 0101001000 1010010000 1110100111 1101110011
0000100111 1010001000 0100100000 0111010011 1100001001 0111100110 1111011101 1011111001 1000111110 0001010110
10 10
0110100100 0011000011 0111110100 0100101110 1001010011 0101001011 1100001000 1010111011 1011010101 1000111100
0000111010 1010010110 1110100010 0001101010 0011010101 0010110000 1101001011 0101011101 1111001101 1100100101
4 10
0111111101 1001010010 1000000010 0110101101
1001000010 0110111101 0111101101 1000010010
10 10
0000110111 0100000010 0111100011 1011100110 1000001111 1011111100 0110110001 0011001001 1101011000 1100011100
0110010011 0110001001 0000110111 1110100110 0001110011 0101100000 1101011000 1010001100 1001101101 1011011110
10 10
1000000101 0111101001 0010011010 1111000111 0011101110 1100101100 1001110010 1100011001 0111110001 0000010110
0011111101 1100101100 0000100011 0100111111 0000010110 1110100000 1011001011 1111010100 1011010011 0101001000
6 5
11001 01001 00001 11000 00000 10000
10111 11111 00110 01110 01111 10110
10 10
0010111110 0001101101 1000011000 1111000100 0100101001 1111100010 1110110111 1001010000 0000001011 0111010111
1101110110 0111010000 1010101010 0001000111 0101100101 0100000011 0010111001 1011011001 1100111110 1010001100
10 10
0101010010 0111100111 1101100000 0010111010 1000111101 0111111110 0111000111 1000011000 1010001001 1000000101
0001100111 1110100101 0001011111 0100000010 1110000101 0011101011 1100110000 1011011000 1110011100 0001111010
10 10
1110000010 0000111110 1110010110 0100100001 0001001111 1101111111 0101001001 1011101000 0011010101 1010110000
0110110001 0010000011 1001001000 1000100000 0010010111 0111101001 1111010100 1100111111 1101001110 0001111110
10 10
0011011111 0101100100 0010111101 0111011110 1000101100 1011010011 0100000010 1101101001 1100000010 1010110001
1001100110 1111011101 1011011100 1000000000 1110111111 0110110011 0100101110 0000000000 0001101011 0111010001
10 10
1010010100 1111001010 1001101110 0010010011 0100000110 1101011101 0101111101 0101111000 1010100011 0010100001
1101000110 0101100011 1101000011 1010011111 1010101101 0111110100 0010011101 0001010000 1100111000 0010101010
2 3
110 111
100 101
6 9
111110100 111000011 000101000 010111100 101110111 101000011
000011011 001111101 010001010 000111010 111001011 100010000
6 6
111100 010000 000111 111010 000011 110000
011011 111100 010101 001101 011111 000110
10 10
0100000001 1000001010 0110100110 1100011000 1011111111 0111100010 1001110001 1110000101 0011111100 0001011111
0001011000 0010101101 1110100110 1100000001 0011010110 1101000101 1001011011 0110111111 1011111000 0100100010
4 10
0001000000 0001010000 1111101110 1111111110
1010101010 0100000100 1010111010 0100010100
10 9
101000101 101000100 110110010 000010111 000110101 101110011 001000010 100000001 000000000 100110100
100000100 100110100 001100010 010011011 110011111 010001110 000111110 111001101 111001010 001011011
3 9
011100001 000011000 011000000
110100010 101010001 101001010
7 7
1100100 0011010 0010100 0000110 0101110 1100010 0111100
0001111 1010001 0001001 1000011 1111001 1101011 1110111
10 8
00001000 10001001 00101001 00111101 11111000 10110010 01101111 00010011 11111111 00010100
00001010 11001000 11000101 11010110 01101101 11110100 01011011 10111000 00001011 00010011
2 4
0000 0110
0110 0000
4 8
11011000 11000000 11111101 11100101
00011101 00000101 00111000 00100000
3 10
0010110001 0100101101 1111111101
0100001100 0010010000 1111011100
3 9
010100110 111101011 010011100
010011110 111101001 111010011
10 10
1010101101 0110111101 1110011010 0011111111 0111111000 1110001000 1110000100 1101011111 1111011101 1000111101
0011110010 1101010010 1111010000 0111110101 1000110000 1110001001 1110010111 0110110000 1110000101 1010100000
10 10
0000101101 1110100011 0011011100 1101101111 1010011101 0111010010 0001110100 1001000011 1100100000 0110011010
0011111100 1010111101 1100000000 0111110010 0000001101 1101001111 0001010100 1001100011 1110000011 0110111010
10 10
1110100000 1100101111 1110101001 0111100111 0010111001 1100000011 0001010010 0001011100 1001010100 0011011110
1110000000 0110000110 0001110010 0011010001 1000110101 0011111101 1101101011 0001111011 1110001110 1100001100
10 8
00100110 01011101 01010010 10011001 10010010 10100010 01100010 00010110 10101001 01101101
01100110 11101001 01010110 10101101 11011001 10011101 10100010 10010010 01101101 01011101
6 6
100001 011100 101000 100101 000011 010001
101010 010110 001111 100010 100101 010011
6 10
1011110100 1011111100 0100001110 1000100110 0011111110 1101000000
1011000100 0011011000 0111110111 0110011001 0000010110 0111100110
7 8
01001011 10111101 01011001 11010111 01111011 01111000 00110001
01111110 01110100 00000111 11100110 01111011 01101010 11010000
10 10
0110100011 0011100000 1100010111 1111001011 0001111000 1001001110 1111010111 1100011100 0010110001 0000101100
0110101100 1001010111 1010011011 1011001010 1111011000 0110110000 1000000011 0000110101 0101101100 0101100111
1 10
1010110010
0101110100
10 10
0110001101 0011000010 1000111101 0101011110 0101110001 1010110000 0001000011 1110101110 1100110011 1011001100
1111100001 0100010010 0010010001 1101100000 0110011111 1000101111 0101101110 1011010011 1011111100 0000001100
2 5
00111 10001
10011 11010
3 7
1111100 0110110 1011000
0001011 1000001 0101111
10 10
0100100011 0011111000 1110001110 0010110100 1111010101 1101011001 1000100011 0001101101 1010000010 0101011110
1000110011 1110011110 0001111101 1111000101 0010100100 1101001001 0011101000 0100110011 1010010010 0101001110
2 6
100111 110010
110010 100111
10 10
0100011110 1001101010 0010110111 1100101101 1100010010 1110101001 0011101101 1111010010 0001000000 0011010101
0000010001 0001110011 0001001011 1100001111 1110110100 1101110100 0011100110 0110111000 1011001100 1110001011
10 10
1111110101 0000000111 0110001010 0001011010 1111001011 1100100111 0000100000 1100110100 1011111101 0011011000
1111010001 0000111101 0011100010 1100101110 1100010000 0101101111 0011000101 1000011000 0010111111 1111000010
4 7
1100011 1011000 1100110 1101011
0011010 0011111 0010010 0100001
10 10
0000101101 0101010010 0010110011 1000001000 1110000110 0011011110 1111010101 1101110001 1000101111 0111101000
1100011100 0011100100 0100011110 0010110111 1110000010 1111101111 1001100011 1011011001 0001000000 0100111001
10 10
1010010000 0101100000 1101101101 0100000011 1011011011 0010110100 1010101110 0001011110 1100110001 0111001111
0111010001 1101110011 1000001000 1011100010 0000101100 1111011100 0001100111 0110001101 0000010010 1110111111
1 5
10000
00100
10 10
0000011110 0111001100 1110010001 1101100001 0111010011 0000111101 1000100010 0011100110 1010011111 1101101000
1000010100 1111100101 0110111000 1000110111 0010110110 0000001011 1111111010 1011001111 0101000001 0101001000
10 10
1001001000 1111011101 0010010011 0010110101 0101100011 1011100010 1100011111 1001111010 0100001100 0110100100
1010110001 0000001111 1101000001 1011011110 0110101000 0011001101 0110011010 0100110000 1001110110 1101100111
7 10
1001111010 0011100111 0011111011 1010000011 0110001111 0101100001 0110010011
1010111010 0110100001 0000100111 1001000011 0101010011 0000111011 0101001111
10 10
0011100111 1110011000 0101011101 1110100011 0000100100 1011111111 1100000000 0111001010 1000010011 0001111100
1001010111 0101100010 1110111001 1111100001 1101111010 0000000101 0000111110 0110001110 1011000000 0010011101
4 6
110011 001110 101110 001000
010100 010010 101111 110010
4 5
10010 10001 01001 01010
00110 00101 11110 11101
6 8
10001101 10001001 00000000 00000100 10101101 00100100
01110010 01010110 11111011 01110110 11011111 11111111
8 5
10010 01100 11011 01110 00001 11100 00011 11000
11001 10100 00111 11011 01101 10110 01001 01110
10 10
1101101101 0001011110 1110111010 0001010011 1110100001 1101110110 0010000101 1001101000 0110001111 0010010000
1111010010 1111011111 1000001110 0011101100 0011110111 0000100000 1100000100 1100010001 0111101001 0000111011
10 10
0110000110 1010010100 0011100100 0101101010 0100101101 1110010001 0101010011 1001011011 1000111010 1011101101
1001111111 0100101111 1000011110 0100010110 0111000011 1010101000 1011010001 1111010100 0101101000 0010100001
9 10
0101011101 0101000000 1001101011 0000110010 1111101111 1111001001 1100110101 0111001111 1000110001
0010111110 1011100000 0100101110 1010010000 1010011101 0100000110 1010101011 0011100111 1001100110
8 9
111110100 011010010 010111000 011001010 010000011 110110001 100001000 000000010
011100010 001011011 100111000 111101000 000011110 101010010 100100000 101101001
1 7
1101101
1010111
4 9
000100010 000000111 100011111 100111010
011100000 011000101 111111000 111011101
4 5
10100 00101 00011 10010
11101 01010 01100 11011
10 10
1111001100 0111110111 0100101000 1000000000 1110000111 0010101111 1100110011 0011111100 1001011000 0001010011
0001011001 1111000101 1011110110 1010101110 1100111010 0111011110 0100000001 0000001010 0010100101 1101110001
4 4
1011 0111 1010 0110
0101 1000 0100 1001
